[{"pose_world": [[0.9985796181779781, 0.04925425970052427, -0.020316595700976863, -0.0669575961103], [-0.0496293486415988, 0.9985983764538545, -0.018390494749642987, 0.349095505736], [0.01938230927764481, 0.01937267263645679, 0.9996244422992, 0.00995126685282], [0.0, 0.0, 0.0, 1.0]], "name": "pudding_box", "pose_kinect": [[0.7669329593729075, -0.11767629881018114, -0.6308455631339979, 0.44884071356742977], [-0.6410051989974768, -0.09385807873201997, -0.7617762111768382, 0.1506897234974968], [0.030433052520557047, 0.9886065697511173, -0.14741397341911014, 0.9212878389107402], [0.0, 0.0, 0.0, 1.0]]}, {"pose_world": [[0.8398593169085136, 0.5427487609034758, 0.007753085818332865, 0.245078205738], [-0.5427639684065625, 0.8398852577421794, -0.00016860282541834938, 0.108832691951], [-0.0066032114554083685, -0.004066492972370286, 0.9999699301645929, 0.0226511795069], [0.0, 0.0, 0.0, 1.0]], "name": "wood_block", "pose_kinect": [[0.731321048794283, 0.30106415984558804, -0.6119884764004137, 0.716744331179787], [-0.49735074863313455, -0.37859943862297635, -0.780579719124464, -0.043998063774242174], [-0.4667030709396392, 0.8752273057502471, -0.12714325324087292, 0.7077974029145011], [0.0, 0.0, 0.0, 1.0]]}, {"pose_world": [[0.5306097349459143, -0.8476162511192181, -4.385082190907538e-06, 0.157825625817], [0.8476162511290836, 0.5306097349282292, 4.612224348007662e-06, -0.139023230146], [-1.5826290122230878e-06, -6.164158066357394e-06, 0.9999999999797491, 0.0150002849982], [0.0, 0.0, 0.0, 1.0]], "name": "jenga", "pose_kinect": [[0.28805708352881254, -0.7314814851083901, -0.6180274699173963, 0.6897227259904579], [-0.37448469856654515, 0.5079410784968799, -0.7757300247605152, 0.028713271931401954], [0.8813536901655304, 0.45489635931610856, -0.12761259778153342, 0.45662614356920694], [0.0, 0.0, 0.0, 1.0]]}, {"pose_world": [[0.021170931491243626, -0.999775870712916, 1.5398716971548181e-07, -0.00223627657087], [0.9997758707128792, 0.02117093149129041, 3.088576540100029e-07, -0.196665067419], [-3.120484817847834e-07, 1.4741385244731574e-07, 0.9999999999999405, 0.0421281375109], [0.0, 0.0, 0.0, 1.0]], "name": "potted_meat_can", "pose_kinect": [[-0.12757746594494057, -0.7757390918210852, -0.618023342280585, 0.5575497853233489], [-0.06121505106121676, 0.6280856110278548, -0.7757326747941834, 0.11114811331325597], [0.9899377292065595, -0.06113367844620278, -0.127616478767423, 0.3830522007365761], [0.0, 0.0, 0.0, 1.0]]}, {"pose_world": [[0.6039558679330966, -0.7970177598957084, -8.26979941612533e-08, 0.0714706227184], [0.7970177598956609, 0.6039558679330165, 4.2354541681541326e-07, -0.145328837623], [-2.876272804843355e-07, -3.217145098761046e-07, 0.999999999999907, 0.0353020946554], [0.0, 0.0, 0.0, 1.0]], "name": "master_chef_can", "pose_kinect": [[0.3520276585587847, -0.7029391364066176, -0.6180235417179009, 0.6113428741588097], [-0.4182142016154184, 0.47258430080024855, -0.7757325313562129, 0.06760466664536738], [0.8373609790149035, 0.5315455287602918, -0.12761638483417337, 0.4407148593588802], [0.0, 0.0, 0.0, 1.0]]}]